3.85547925235734
2.76706920597514
3.33845817985153
-2.65353401149388
-0.362410613005725
4.4326187419888
1.82480056297417
0.957555003731143
0.219947618894335
1.18362423605442
-0.656619941896417
0.982212433032482
4.3709278641807
2.19267762360124
0.533325312189732
6.05242409292301
4.54467394583748
5.90123355703289
1.32651669070877
-1.26073690069863
-0.216402377507896
2.13713778542443
-0.527447968832955
-0.270138551561159
0.231165234943435
0.198298036761679
-2.69653530226538
0.667338299258465
-1.93985345661201
2.66722185486751
0.694778969151014
-0.0233743605643869
4.13298648231044
0.135619560697261
0.141251144685792
3.35563725601724
1.51679340768353
2.15693206369181
0.0725179070778829
0.367289351753082
3.88850508352473
-0.800088504999953
-4.13690769429046
0.796634347409008
3.45938439543686
-1.62980483325939
0.710148453192208
5.3208955660521
3.34878376891215
-0.0947747870471132
1.68250935986586
1.31708003045671
-1.22711678966335
0.366403928682769
0.0177753419469623
3.46519918211591
0.199404790411979
1.37525265235148
1.4457139400204
1.38012094322708
0.977777446635596
0.9641228949852
-0.00230992551722761
-0.72791619999667
4.3135910490665
-0.409010605406024
-0.0396129313272343
4.07987741667277
2.24065497344265
2.74145729705686
0.139696274638587
0.334570972571975
-0.444364560622442
-2.16147641097659
-0.147469472552993
-1.38295979390861
0.776878706004735
-2.27592202288325
1.36654276258358
3.11376444227325
1.80447567478498
0.435672666774828
4.75440643337938
5.62327662750911
3.91551172799398
-0.633881270430661
0.637384322817967
-0.245636052681853
1.67610518637275
2.3563107478106
2.05770482526923
0.581710573990196
2.6630910549674
2.71690114193322
2.00038150907728
3.40297845153469
1.73489077865207
2.74874576934653
1.76141855964632
0.866841696585371
